validTxs,hscore,memSize,memLen,isFull
72,0.00,20000,2000
1928,0.80,20000,3495
2319,0.50,20000,8252
2332,0.10,20000,18502
1719,0.10,20000,16001
1724,0.10,20000,16001
1712,0.10,20000,16001
1714,0.10,20000,14488
1713,0.10,20000,16001
1713,0.10,20000,16001
1717,0.10,20000,14080
1714,0.00,20000,12834
1564,0.00,20000,12764
1559,0.00,20000,12764
1560,0.10,20000,14570
1712,0.10,20000,16001
1713,0.10,20000,16001
1716,0.10,20000,16001
1720,0.10,20000,15556
1716,0.10,20000,14663
1722,0.00,20000,12841
1558,0.05,20000,10062
1641,0.35,20000,6907
2106,0.80,20000,3348
565,0.88,20000,1989
1743,1.00,20000,1416
