validTxs,hscore,memSize,memLen,isFull
5,0.00,20000,2000
1995,0.80,20000,1995
17,0.00,20000,2000
1565,0.50,20000,5913
2353,0.35,20000,9562
2106,0.10,20000,15687
1716,0.10,20000,16001
1720,0.10,20000,16001
1717,0.10,20000,16001
1719,0.10,20000,16001
1723,0.10,20000,16001
1724,0.10,20000,16001
1716,0.10,20000,16001
1726,0.10,20000,16001
1727,0.10,20000,15780
1722,0.10,20000,15554
1721,0.10,20000,15390
1725,0.10,20000,15592
1725,0.10,20000,15348
1724,0.10,20000,15298
1722,0.10,20000,15298
1724,0.10,20000,15298
1721,0.10,20000,16001
1718,0.10,20000,16001
1721,0.10,20000,16001
1721,0.10,20000,16001
1717,0.10,20000,16001
1716,0.10,20000,16001
1720,0.10,20000,16001
1721,0.10,20000,16001
1721,0.10,20000,16001
1718,0.10,20000,16001
1723,0.10,20000,16001
1722,0.10,20000,16001
1725,0.10,20000,16001
1719,0.10,20000,16001
1716,0.10,20000,16001
1720,0.10,20000,16001
1721,0.10,20000,16001
1720,0.10,20000,16001
1721,0.10,20000,16001
1718,0.10,20000,16001
1726,0.10,20000,16001
1731,0.10,20000,16001
1728,0.10,20000,16001
1727,0.10,20000,16001
1722,0.10,20000,16001
1721,0.10,20000,14279
1718,0.00,20000,12558
1556,0.05,20000,10840
1636,0.20,20000,9284
1868,0.35,20000,7648
2109,0.65,20000,5780
2588,0.80,20000,3671
1083,0.96,20000,1083
