validTxs,hscore,memSize,memLen,isFull
7,0.00,20000,2000
1993,0.80,20000,1993
12,0.00,20000,2000
1988,0.65,20000,4351
2685,0.65,20000,8000
3136,0.50,20000,10518
3129,0.50,20000,12179
3126,0.10,20000,15050
3130,0.10,20000,17924
3131,0.10,20000,20000
3147,0.10,20000,20000
3129,0.10,20000,20000
3121,0.10,20000,20000
3128,0.10,20000,20000
3148,0.10,20000,20000
3132,0.10,20000,19830
3132,0.10,20000,19400
3131,0.10,20000,19404
3132,0.10,20000,18925
3142,0.10,20000,20000
3117,0.10,20000,20000
3131,0.10,20000,20000
3128,0.10,20000,20000
3129,0.10,20000,20000
3129,0.10,20000,20000
3130,0.10,20000,20000
3140,0.10,20000,20000
3133,0.10,20000,20000
3137,0.10,20000,20000
3138,0.10,20000,20000
3142,0.10,20000,20000
3137,0.10,20000,20000
3127,0.10,20000,20000
3134,0.10,20000,20000
3140,0.10,20000,20000
3147,0.10,20000,20000
3129,0.10,20000,20000
3132,0.10,20000,20000
3142,0.10,20000,20000
3142,0.10,20000,20000
3137,0.10,20000,20000
3134,0.10,20000,20000
3139,0.10,20000,20000
3138,0.10,20000,16861
3132,0.10,20000,13723
3129,0.50,20000,10591
3137,0.65,20000,7462
3134,0.80,20000,4325
1191,0.96,20000,1191
