validTxs,hscore,memSize,memLen,isFull
15,0.00,20000,2000
1985,0.50,20000,5985
2336,0.20,20000,12000
1874,0.10,20000,16001
1722,0.10,20000,16001
1720,0.10,20000,16001
1713,0.10,20000,16001
1719,0.10,20000,16001
1718,0.10,20000,16001
1712,0.10,20000,16001
1712,0.10,20000,16001
1712,0.10,20000,16001
1721,0.10,20000,16001
1725,0.10,20000,16001
1720,0.10,20000,13660
1560,0.10,20000,16001
1717,0.10,20000,16001
1717,0.10,20000,16001
1714,0.10,20000,16001
1713,0.10,20000,16001
1715,0.10,20000,16001
1718,0.10,20000,16001
1719,0.10,20000,15586
1717,0.10,20000,16001
1712,0.10,20000,14453
1715,0.05,20000,11277
1637,0.35,20000,7816
1869,0.65,20000,5449
2573,0.80,20000,3210
305,0.80,20000,1667
2553,0.80,20000,1362
57,0.96,20000,57
