validTxs,hscore,memSize,memLen,isFull
4,0.00,20000,2000
1996,0.80,20000,3892
2055,0.65,20000,6067
1873,0.10,20000,18695
1717,0.10,20000,16822
1717,0.10,20000,16001
1725,0.10,20000,15667
1724,0.10,20000,16001
1717,0.10,20000,16001
1716,0.10,20000,16001
1712,0.10,20000,16001
1712,0.10,20000,16001
1714,0.10,20000,14392
1715,0.10,20000,14846
1712,0.10,20000,13494
1556,0.10,20000,13362
1559,0.10,20000,13942
1716,0.10,20000,13937
1723,0.10,20000,13907
1720,0.10,20000,14131
1723,0.10,20000,14131
1715,0.10,20000,14131
1723,0.10,20000,14131
1722,0.10,20000,14131
1719,0.10,20000,14131
1714,0.10,20000,14131
1722,0.10,20000,14042
1724,0.00,20000,12320
1566,0.05,20000,10596
1647,0.20,20000,9030
1877,0.35,20000,8051
2113,0.20,20000,12324
1631,0.35,20000,8098
1872,0.65,20000,4836
1760,0.80,20000,1760
