validTxs,hscore,memSize,memLen,isFull
2,0.00,20000,2000
1998,0.65,20000,3998
2571,0.10,20000,20000
1715,0.10,20000,17429
1727,0.10,20000,16001
1722,0.10,20000,16001
1718,0.10,20000,16001
1714,0.10,20000,16001
1712,0.10,20000,15970
1714,0.10,20000,16001
1718,0.10,20000,15065
1722,0.10,20000,16001
1712,0.10,20000,16001
1715,0.10,20000,16001
1716,0.10,20000,15955
1715,0.10,20000,15211
1712,0.10,20000,16001
1717,0.10,20000,16001
1710,0.10,20000,16001
1715,0.10,20000,16001
1715,0.10,20000,16001
1722,0.10,20000,16001
1716,0.00,20000,12654
1564,0.20,20000,8763
1873,0.50,20000,7104
2339,0.65,20000,5077
2576,0.80,20000,2670
652,0.96,20000,1011
43,0.48,20000,563
520,0.96,20000,520
