validTxs,hscore,memSize,memLen,isFull
2000,0.92,20000,4000
2000,0.84,20000,8000
2887,0.35,20000,12000
1724,0.10,20000,15113
1731,0.10,20000,16001
1730,0.10,20000,16001
1721,0.10,20000,16001
1725,0.10,20000,16001
1726,0.10,20000,16001
1724,0.10,20000,16001
1723,0.10,20000,15308
1721,0.10,20000,15308
1713,0.10,20000,15308
1723,0.10,20000,15216
1723,0.10,20000,15308
1727,0.10,20000,16001
1728,0.10,20000,16001
1725,0.10,20000,16001
1721,0.10,20000,16001
1720,0.10,20000,16001
1723,0.10,20000,16001
1720,0.10,20000,16001
1723,0.10,20000,16001
1718,0.10,20000,16001
1723,0.10,20000,16001
1728,0.10,20000,16001
1724,0.10,20000,16001
1723,0.10,20000,16001
1727,0.10,20000,16001
1717,0.10,20000,16001
1724,0.10,20000,16001
1728,0.10,20000,16001
1721,0.10,20000,16001
1718,0.10,20000,16001
1718,0.10,20000,16001
1721,0.10,20000,16001
1719,0.10,20000,16001
1719,0.10,20000,16001
1725,0.10,20000,16001
1724,0.10,20000,16001
1716,0.10,20000,16001
1720,0.10,20000,16001
1723,0.10,20000,16001
1723,0.10,20000,16001
1728,0.10,20000,16001
1726,0.10,20000,16001
1724,0.10,20000,16001
1718,0.10,20000,16001
1723,0.10,20000,16001
1716,0.10,20000,16001
1720,0.10,20000,16001
1727,0.10,20000,16001
1725,0.10,20000,16001
1727,0.10,20000,16001
1725,0.10,20000,16001
1723,0.10,20000,16001
1716,0.10,20000,16001
1720,0.10,20000,14285
1716,0.00,20000,12565
1557,0.05,20000,10849
1645,0.20,20000,9292
1882,0.35,20000,7647
2111,0.65,20000,5765
2576,0.80,20000,3654
1078,0.96,20000,1078
