validTxs,hscore,memSize,memLen,isFull
7,0.00,20000,2000
1993,0.65,20000,3993
2371,0.35,20000,9705
2103,0.10,20000,17842
1717,0.10,20000,14594
1717,0.10,20000,15287
1719,0.10,20000,13915
1717,0.10,20000,13922
1714,0.10,20000,15598
1715,0.10,20000,16001
1717,0.10,20000,16001
1719,0.10,20000,16001
1719,0.10,20000,16001
1718,0.10,20000,16001
1727,0.10,20000,16001
1724,0.10,20000,16001
1722,0.10,20000,16001
1727,0.10,20000,16001
1718,0.10,20000,16001
1716,0.10,20000,16001
1717,0.10,20000,16001
1723,0.10,20000,16001
1722,0.00,20000,12844
1561,0.20,20000,9063
1879,0.50,20000,6420
2344,0.80,20000,3223
866,0.96,20000,866
12,0.00,20000,594
582,0.96,20000,582
