validTxs,hscore,memSize,memLen,isFull
4,0.00,20000,2000
1996,0.80,20000,3949
1640,0.88,20000,6000
3134,0.50,20000,12360
3130,0.10,20000,20000
3123,0.10,20000,20000
3135,0.10,20000,20000
3124,0.10,20000,20000
3128,0.10,20000,20000
3136,0.10,20000,20000
3140,0.10,20000,20000
3133,0.10,20000,17914
3132,0.10,20000,20000
3133,0.10,20000,18801
3139,0.10,20000,19362
3139,0.10,20000,18110
3120,0.10,20000,19407
3120,0.10,20000,20000
3126,0.10,20000,20000
3120,0.10,20000,20000
3132,0.10,20000,20000
3132,0.10,20000,16868
3125,0.10,20000,13736
3143,0.50,20000,10611
3127,0.65,20000,7468
3126,0.80,20000,4341
1215,0.96,20000,1215
