validTxs,hscore,memSize,memLen,isFull
7,0.00,20000,2000
1993,0.80,20000,3267
2000,0.50,20000,7487
3124,0.10,20000,17851
3119,0.10,20000,20000
3124,0.10,20000,20000
3121,0.10,20000,20000
3127,0.10,20000,20000
3123,0.10,20000,20000
3122,0.10,20000,20000
3132,0.10,20000,20000
3131,0.10,20000,19568
3122,0.10,20000,20000
3124,0.10,20000,18968
3122,0.50,20000,12090
3130,0.80,20000,6194
1035,0.96,20000,2015
301,0.92,20000,705
25,0.28,20000,468
445,0.96,20000,452
7,0.96,20000,7
1808,0.96,20000,1836
28,0.96,20000,28
